trial,mean,ci_down,ci_up
0.0,126.10,125.28,126.93
5.0,112.90,112.06,113.74
10.0,102.39,101.41,103.36
15.0,95.81,94.82,96.81
20.0,92.07,91.02,93.12
25.0,89.51,88.42,90.60
30.0,87.40,86.39,88.40
35.0,85.35,84.40,86.30
40.0,83.49,82.54,84.43
45.0,81.99,81.11,82.87
50.0,80.46,79.62,81.31
55.0,79.64,78.83,80.45
60.0,78.14,77.35,78.94
65.0,77.18,76.37,77.99
70.0,75.88,75.11,76.65
75.0,75.90,75.10,76.71
80.0,74.40,73.66,75.15
85.0,73.47,72.70,74.23
90.0,73.07,72.38,73.76
95.0,72.04,71.38,72.70
100.0,71.64,70.96,72.33
105.0,71.10,70.45,71.75
110.0,70.23,69.61,70.86
115.0,69.83,69.22,70.44
120.0,69.01,68.42,69.60
125.0,68.99,68.42,69.56
130.0,68.70,68.08,69.33
135.0,68.34,67.75,68.93
140.0,68.11,67.46,68.75
145.0,67.36,66.74,67.98
150.0,66.62,66.02,67.21
155.0,66.98,66.42,67.54
160.0,66.30,65.72,66.88
165.0,65.88,65.35,66.41
170.0,65.73,65.14,66.32
175.0,65.25,64.70,65.80
180.0,65.07,64.55,65.60
185.0,64.94,64.41,65.46
190.0,64.75,64.21,65.28
195.0,64.02,63.48,64.56
200.0,64.15,63.61,64.69
205.0,63.61,63.06,64.16
210.0,63.81,63.29,64.33
215.0,63.37,62.83,63.92
220.0,63.12,62.61,63.63
225.0,62.57,62.08,63.05
230.0,62.51,62.01,63.01
235.0,62.25,61.77,62.73
240.0,62.13,61.62,62.63
245.0,61.74,61.24,62.24
250.0,61.67,61.17,62.16
255.0,61.49,61.02,61.97
260.0,61.51,61.02,62.01
265.0,61.77,61.29,62.24
270.0,60.97,60.50,61.43
275.0,60.57,60.10,61.04
280.0,60.81,60.39,61.22
285.0,60.62,60.17,61.06
290.0,60.60,60.12,61.08
295.0,60.31,59.81,60.81
300.0,60.06,59.57,60.55
305.0,60.27,59.80,60.74
310.0,59.78,59.31,60.25
315.0,60.13,59.67,60.59
320.0,59.18,58.74,59.61
325.0,59.79,59.37,60.22
330.0,59.53,59.09,59.96
335.0,59.57,59.09,60.04
340.0,59.54,59.05,60.02
345.0,59.49,59.04,59.93
350.0,59.47,59.04,59.91
355.0,59.28,58.76,59.79
360.0,59.31,58.85,59.77
365.0,59.21,58.77,59.65
370.0,59.31,58.85,59.78
375.0,59.24,58.78,59.69
380.0,59.25,58.78,59.71
385.0,59.18,58.75,59.62
390.0,58.17,57.68,58.66
395.0,59.10,58.63,59.57
400.0,58.97,58.52,59.43
405.0,58.56,58.10,59.02
410.0,59.22,58.75,59.69
415.0,58.26,57.81,58.70
420.0,58.46,58.00,58.92
425.0,58.14,57.71,58.57
430.0,58.55,58.09,59.01
435.0,58.55,58.11,59.00
440.0,57.95,57.52,58.37
445.0,58.52,58.09,58.95
450.0,58.04,57.61,58.46
455.0,58.07,57.64,58.49
460.0,58.44,57.97,58.92
465.0,58.38,57.95,58.80
470.0,58.32,57.89,58.76
475.0,57.97,57.55,58.40
480.0,57.77,57.35,58.19
485.0,57.81,57.38,58.23
490.0,57.97,57.54,58.41
495.0,57.93,57.51,58.34
500.0,57.45,57.00,57.89
505.0,58.01,57.56,58.47
510.0,57.82,57.36,58.28
515.0,57.97,57.56,58.39
520.0,57.46,57.06,57.86
525.0,57.44,57.06,57.82
530.0,57.56,57.16,57.96
535.0,57.51,57.10,57.92
540.0,57.26,56.85,57.66
545.0,57.61,57.17,58.05
550.0,57.25,56.81,57.69
555.0,57.26,56.88,57.65
560.0,57.26,56.87,57.65
565.0,56.99,56.58,57.40
570.0,56.80,56.36,57.24
575.0,57.58,57.16,58.01
580.0,57.03,56.62,57.44
585.0,56.92,56.49,57.34
590.0,57.07,56.63,57.51
595.0,57.08,56.65,57.51
600.0,57.16,56.74,57.58
605.0,56.79,56.37,57.21
610.0,56.77,56.35,57.18
615.0,56.69,56.29,57.09
620.0,56.78,56.37,57.20
625.0,57.10,56.69,57.51
630.0,56.84,56.42,57.27
635.0,56.63,56.20,57.05
640.0,56.55,56.16,56.95
645.0,56.81,56.42,57.20
650.0,56.84,56.43,57.24
655.0,56.85,56.45,57.25
660.0,56.47,56.06,56.89
665.0,56.86,56.48,57.25
670.0,56.59,56.18,57.00
675.0,56.69,56.26,57.12
680.0,56.57,56.17,56.97
685.0,56.32,55.88,56.77
690.0,56.28,55.90,56.66
695.0,56.10,55.67,56.53
700.0,56.22,55.82,56.63
705.0,56.74,56.31,57.17
710.0,56.49,56.08,56.90
715.0,56.11,55.69,56.53
720.0,56.21,55.80,56.63
725.0,56.49,56.10,56.87
730.0,56.42,56.01,56.82
735.0,55.91,55.51,56.32
740.0,55.98,55.55,56.41
745.0,55.92,55.53,56.31
750.0,56.26,55.83,56.68
755.0,55.97,55.55,56.39
760.0,56.48,56.07,56.89
765.0,55.84,55.47,56.22
770.0,55.72,55.36,56.08
775.0,56.28,55.86,56.70
780.0,55.46,55.06,55.86
785.0,56.01,55.63,56.39
790.0,55.92,55.52,56.31
795.0,55.68,55.25,56.11
800.0,55.76,55.36,56.17
805.0,55.99,55.60,56.38
810.0,55.52,55.10,55.93
815.0,55.85,55.48,56.23
820.0,55.89,55.51,56.28
825.0,55.39,55.00,55.79
830.0,55.70,55.30,56.10
835.0,55.81,55.42,56.21
840.0,55.60,55.23,55.97
845.0,56.03,55.65,56.42
850.0,55.58,55.19,55.96
855.0,55.36,54.97,55.74
860.0,55.39,55.02,55.77
865.0,55.44,55.04,55.85
870.0,56.03,55.65,56.40
875.0,55.49,55.09,55.89
880.0,55.41,55.02,55.79
885.0,54.94,54.56,55.32
890.0,55.86,55.48,56.24
895.0,55.54,55.13,55.95
900.0,55.26,54.86,55.66
905.0,54.93,54.54,55.32
910.0,55.05,54.64,55.46
915.0,55.58,55.19,55.96
920.0,55.36,54.96,55.76
925.0,54.90,54.53,55.27
930.0,54.57,54.18,54.96
935.0,55.05,54.68,55.43
940.0,55.02,54.65,55.39
945.0,55.07,54.70,55.44
950.0,54.69,54.35,55.04
955.0,55.45,55.03,55.86
960.0,55.10,54.69,55.50
965.0,55.16,54.79,55.54
970.0,54.73,54.32,55.15
975.0,54.97,54.56,55.38
980.0,54.93,54.55,55.32
985.0,54.87,54.48,55.26
990.0,54.78,54.38,55.18
995.0,54.70,54.31,55.09
1000.0,54.74,54.37,55.10
