trial,mean,ci_down,ci_up
0.0,0.00,0.00,0.00
5.0,0.35,0.31,0.39
10.0,1.51,1.41,1.60
15.0,3.42,3.25,3.58
20.0,5.99,5.75,6.24
25.0,9.12,8.83,9.42
30.0,12.67,12.30,13.04
35.0,16.77,16.33,17.21
40.0,21.31,20.83,21.79
45.0,26.00,25.46,26.54
50.0,31.21,30.61,31.81
55.0,36.73,36.07,37.39
60.0,42.39,41.67,43.10
65.0,48.32,47.53,49.10
70.0,54.32,53.47,55.18
75.0,60.51,59.62,61.40
80.0,66.52,65.59,67.44
85.0,73.00,72.03,73.98
90.0,79.41,78.41,80.41
95.0,85.89,84.90,86.89
100.0,92.44,91.38,93.49
105.0,99.21,98.11,100.31
110.0,105.72,104.58,106.85
115.0,112.59,111.43,113.74
120.0,119.35,118.17,120.52
125.0,126.04,124.85,127.24
130.0,132.47,131.23,133.70
135.0,139.18,137.90,140.45
140.0,145.50,144.22,146.78
145.0,152.33,151.02,153.63
150.0,158.54,157.23,159.86
155.0,164.90,163.59,166.21
160.0,171.23,169.90,172.55
165.0,177.58,176.25,178.90
170.0,183.95,182.61,185.28
175.0,190.39,189.05,191.73
180.0,196.72,195.36,198.07
185.0,202.61,201.23,203.98
190.0,208.74,207.35,210.13
195.0,214.89,213.51,216.28
200.0,221.21,219.82,222.61
205.0,227.38,225.96,228.79
210.0,233.45,232.01,234.90
215.0,239.18,237.69,240.67
220.0,245.43,243.94,246.93
225.0,251.27,249.74,252.80
230.0,257.02,255.47,258.57
235.0,262.72,261.15,264.29
240.0,268.59,266.99,270.18
245.0,274.26,272.65,275.88
250.0,279.76,278.14,281.38
255.0,285.14,283.53,286.76
260.0,290.61,288.99,292.22
265.0,295.68,294.05,297.30
270.0,300.85,299.28,302.41
275.0,305.53,304.00,307.07
280.0,309.94,308.45,311.44
285.0,314.39,312.94,315.85
290.0,318.54,317.11,319.96
295.0,322.45,321.07,323.84
300.0,326.18,324.85,327.52
305.0,329.24,327.97,330.51
310.0,332.24,331.03,333.45
315.0,334.91,333.78,336.05
320.0,337.26,336.20,338.33
325.0,339.27,338.27,340.27
330.0,341.10,340.16,342.03
335.0,342.67,341.81,343.52
340.0,343.99,343.21,344.78
345.0,345.05,344.34,345.76
350.0,346.02,345.37,346.66
355.0,346.75,346.17,347.33
360.0,347.38,346.86,347.90
365.0,347.93,347.47,348.38
370.0,348.37,347.97,348.77
375.0,348.74,348.40,349.09
380.0,349.06,348.76,349.36
385.0,349.28,349.02,349.54
390.0,349.44,349.21,349.66
395.0,349.58,349.39,349.78
400.0,349.71,349.55,349.88
405.0,349.77,349.63,349.92
410.0,349.83,349.71,349.96
415.0,349.88,349.77,349.98
420.0,349.90,349.80,349.99
425.0,349.92,349.85,350.00
430.0,349.94,349.89,350.00
435.0,349.97,349.94,350.00
440.0,349.98,349.96,350.00
445.0,349.99,349.99,350.00
450.0,350.00,349.99,350.00
455.0,350.00,350.00,350.00
460.0,350.00,350.00,350.00
465.0,350.00,350.00,350.00
470.0,350.00,350.00,350.00
475.0,350.00,350.00,350.00
480.0,350.00,350.00,350.00
485.0,350.00,350.00,350.00
490.0,350.00,350.00,350.00
495.0,350.00,350.00,350.00
500.0,350.00,350.00,350.00
505.0,350.00,350.00,350.00
510.0,350.00,350.00,350.00
515.0,350.00,350.00,350.00
520.0,350.00,350.00,350.00
525.0,350.00,350.00,350.00
530.0,350.00,350.00,350.00
535.0,350.00,350.00,350.00
540.0,350.00,350.00,350.00
545.0,350.00,350.00,350.00
550.0,350.00,350.00,350.00
555.0,350.00,350.00,350.00
560.0,350.00,350.00,350.00
565.0,350.00,350.00,350.00
570.0,350.00,350.00,350.00
575.0,350.00,350.00,350.00
580.0,350.00,350.00,350.00
585.0,350.00,350.00,350.00
590.0,350.00,350.00,350.00
595.0,350.00,350.00,350.00
600.0,350.00,350.00,350.00
605.0,350.00,350.00,350.00
610.0,350.00,350.00,350.00
615.0,350.00,350.00,350.00
620.0,350.00,350.00,350.00
625.0,350.00,350.00,350.00
630.0,350.00,350.00,350.00
635.0,350.00,350.00,350.00
640.0,350.00,350.00,350.00
645.0,350.00,350.00,350.00
650.0,350.00,350.00,350.00
655.0,350.00,350.00,350.00
660.0,350.00,350.00,350.00
665.0,350.00,350.00,350.00
670.0,350.00,350.00,350.00
675.0,350.00,350.00,350.00
680.0,350.00,350.00,350.00
685.0,350.00,350.00,350.00
690.0,350.00,350.00,350.00
695.0,350.00,350.00,350.00
700.0,350.00,350.00,350.00
705.0,350.00,350.00,350.00
710.0,350.00,350.00,350.00
715.0,350.00,350.00,350.00
720.0,350.00,350.00,350.00
725.0,350.00,350.00,350.00
730.0,350.00,350.00,350.00
735.0,350.00,350.00,350.00
740.0,350.00,350.00,350.00
745.0,350.00,350.00,350.00
750.0,350.00,350.00,350.00
755.0,350.00,350.00,350.00
760.0,350.00,350.00,350.00
765.0,350.00,350.00,350.00
770.0,350.00,350.00,350.00
775.0,350.00,350.00,350.00
780.0,350.00,350.00,350.00
785.0,350.00,350.00,350.00
790.0,350.00,350.00,350.00
795.0,350.00,350.00,350.00
800.0,350.00,350.00,350.00
805.0,350.00,350.00,350.00
810.0,350.00,350.00,350.00
815.0,350.00,350.00,350.00
820.0,350.00,350.00,350.00
825.0,350.00,350.00,350.00
830.0,350.00,350.00,350.00
835.0,350.00,350.00,350.00
840.0,350.00,350.00,350.00
845.0,350.00,350.00,350.00
850.0,350.00,350.00,350.00
855.0,350.00,350.00,350.00
860.0,350.00,350.00,350.00
865.0,350.00,350.00,350.00
870.0,350.00,350.00,350.00
875.0,350.00,350.00,350.00
880.0,350.00,350.00,350.00
885.0,350.00,350.00,350.00
890.0,350.00,350.00,350.00
895.0,350.00,350.00,350.00
900.0,350.00,350.00,350.00
905.0,350.00,350.00,350.00
910.0,350.00,350.00,350.00
915.0,350.00,350.00,350.00
920.0,350.00,350.00,350.00
925.0,350.00,350.00,350.00
930.0,350.00,350.00,350.00
935.0,350.00,350.00,350.00
940.0,350.00,350.00,350.00
945.0,350.00,350.00,350.00
950.0,350.00,350.00,350.00
955.0,350.00,350.00,350.00
960.0,350.00,350.00,350.00
965.0,350.00,350.00,350.00
970.0,350.00,350.00,350.00
975.0,350.00,350.00,350.00
980.0,350.00,350.00,350.00
985.0,350.00,350.00,350.00
990.0,350.00,350.00,350.00
995.0,350.00,350.00,350.00
1000.0,350.00,350.00,350.00
