trial,mean,ci_down,ci_up
0.0,126.05,125.13,126.97
5.0,126.18,125.16,127.20
10.0,126.37,125.40,127.34
15.0,126.08,125.11,127.04
20.0,127.24,126.37,128.11
25.0,126.60,125.55,127.66
30.0,125.80,124.80,126.80
35.0,127.19,126.25,128.14
40.0,126.66,125.67,127.65
45.0,125.83,124.94,126.72
50.0,127.05,126.12,127.97
55.0,125.52,124.62,126.42
60.0,127.64,126.74,128.53
65.0,126.66,125.72,127.59
70.0,127.04,126.02,128.05
75.0,126.54,125.55,127.52
80.0,127.31,126.35,128.27
85.0,127.48,126.48,128.48
90.0,125.92,125.01,126.83
95.0,126.84,125.84,127.85
100.0,126.16,125.24,127.07
105.0,126.90,125.95,127.86
110.0,126.26,125.32,127.20
115.0,127.34,126.34,128.34
120.0,126.49,125.57,127.42
125.0,125.20,124.36,126.04
130.0,127.25,126.28,128.21
135.0,126.14,125.15,127.14
140.0,126.81,125.92,127.69
145.0,127.13,126.16,128.09
150.0,126.39,125.47,127.31
155.0,126.94,126.08,127.79
160.0,127.63,126.67,128.58
165.0,126.73,125.75,127.72
170.0,125.93,124.97,126.89
175.0,126.28,125.35,127.21
180.0,125.49,124.59,126.39
185.0,126.53,125.58,127.48
190.0,125.87,124.94,126.80
195.0,126.18,125.25,127.11
200.0,127.14,126.21,128.08
205.0,126.29,125.34,127.23
210.0,126.33,125.38,127.28
215.0,127.24,126.30,128.18
220.0,126.00,125.07,126.92
225.0,126.46,125.47,127.45
230.0,126.95,126.05,127.86
235.0,126.59,125.63,127.54
240.0,127.73,126.70,128.76
245.0,126.39,125.44,127.34
250.0,126.55,125.55,127.56
255.0,127.51,126.52,128.49
260.0,127.22,126.28,128.16
265.0,127.03,126.05,128.01
270.0,126.18,125.25,127.11
275.0,126.42,125.46,127.38
280.0,126.37,125.51,127.22
285.0,126.53,125.55,127.51
290.0,127.07,126.09,128.05
295.0,126.03,125.10,126.96
300.0,126.63,125.68,127.58
305.0,125.87,124.94,126.80
310.0,127.31,126.31,128.31
315.0,126.55,125.59,127.51
320.0,126.87,125.88,127.86
325.0,127.25,126.33,128.16
330.0,125.62,124.67,126.58
335.0,125.05,124.10,125.99
340.0,126.02,125.10,126.94
345.0,126.78,125.85,127.71
350.0,127.26,126.33,128.20
355.0,127.38,126.42,128.35
360.0,126.35,125.44,127.25
365.0,126.08,125.06,127.11
370.0,126.30,125.40,127.21
375.0,126.53,125.66,127.41
380.0,126.67,125.62,127.71
385.0,126.94,126.05,127.83
390.0,126.44,125.52,127.35
395.0,126.03,124.99,127.08
400.0,127.12,126.21,128.04
405.0,125.76,124.82,126.70
410.0,126.12,125.22,127.02
415.0,126.61,125.69,127.52
420.0,126.29,125.30,127.29
425.0,126.92,125.91,127.94
430.0,126.84,125.95,127.74
435.0,125.95,124.98,126.92
440.0,126.09,125.08,127.11
445.0,126.84,125.91,127.77
450.0,126.60,125.66,127.53
455.0,125.93,124.95,126.91
460.0,127.38,126.47,128.30
465.0,126.65,125.66,127.64
470.0,126.03,125.18,126.89
475.0,127.03,126.09,127.98
480.0,125.65,124.73,126.57
485.0,126.58,125.65,127.51
490.0,127.19,126.25,128.13
495.0,125.33,124.36,126.31
500.0,127.43,126.44,128.43
505.0,126.38,125.47,127.29
510.0,127.12,126.16,128.07
515.0,127.05,126.08,128.02
520.0,126.32,125.34,127.30
525.0,126.24,125.23,127.24
530.0,127.43,126.39,128.47
535.0,126.55,125.56,127.55
540.0,127.37,126.35,128.40
545.0,127.75,126.79,128.71
550.0,126.59,125.68,127.51
555.0,126.89,125.87,127.90
560.0,125.77,124.83,126.71
565.0,127.16,126.13,128.20
570.0,125.84,124.93,126.75
575.0,127.31,126.43,128.19
580.0,127.89,126.88,128.91
585.0,126.43,125.47,127.39
590.0,125.74,124.80,126.68
595.0,126.04,125.03,127.05
600.0,125.94,124.99,126.88
605.0,126.36,125.46,127.27
610.0,126.76,125.75,127.76
615.0,126.45,125.45,127.45
620.0,126.09,125.08,127.10
625.0,126.81,125.84,127.77
630.0,126.56,125.58,127.54
635.0,127.54,126.61,128.48
640.0,125.87,124.85,126.88
645.0,127.28,126.28,128.27
650.0,127.03,126.06,128.00
655.0,126.78,125.78,127.79
660.0,126.60,125.65,127.55
665.0,126.45,125.48,127.42
670.0,125.76,124.89,126.62
675.0,125.04,123.97,126.10
680.0,126.55,125.55,127.55
685.0,126.49,125.46,127.53
690.0,125.95,124.99,126.90
695.0,127.56,126.51,128.61
700.0,125.79,124.87,126.71
705.0,126.07,125.12,127.02
710.0,127.06,126.05,128.07
715.0,126.90,125.92,127.88
720.0,126.16,125.20,127.11
725.0,125.94,124.97,126.91
730.0,127.17,126.21,128.13
735.0,127.49,126.56,128.42
740.0,126.48,125.54,127.43
745.0,126.03,125.02,127.04
750.0,126.38,125.48,127.28
755.0,127.05,126.14,127.96
760.0,126.83,125.83,127.82
765.0,126.19,125.28,127.10
770.0,125.66,124.72,126.60
775.0,126.16,125.19,127.12
780.0,126.99,126.03,127.95
785.0,126.56,125.63,127.49
790.0,127.05,126.12,127.98
795.0,126.49,125.50,127.48
800.0,126.31,125.36,127.25
805.0,126.27,125.39,127.15
810.0,125.97,124.97,126.97
815.0,127.15,126.24,128.05
820.0,124.99,124.06,125.93
825.0,126.07,125.14,127.01
830.0,126.53,125.54,127.52
835.0,125.80,124.81,126.79
840.0,126.00,124.97,127.04
845.0,125.99,125.05,126.94
850.0,126.80,125.82,127.78
855.0,126.47,125.51,127.43
860.0,125.52,124.58,126.46
865.0,127.31,126.36,128.26
870.0,126.46,125.47,127.44
875.0,126.41,125.44,127.38
880.0,125.94,124.99,126.89
885.0,126.75,125.77,127.73
890.0,126.80,125.76,127.84
895.0,127.28,126.28,128.28
900.0,126.61,125.63,127.59
905.0,126.62,125.68,127.56
910.0,125.84,124.82,126.86
915.0,126.64,125.75,127.53
920.0,126.79,125.88,127.70
925.0,126.48,125.48,127.48
930.0,126.86,125.90,127.82
935.0,127.01,126.05,127.98
940.0,126.67,125.75,127.60
945.0,126.54,125.62,127.46
950.0,126.01,125.10,126.92
955.0,124.92,123.95,125.89
960.0,127.07,126.12,128.03
965.0,126.32,125.39,127.25
970.0,126.38,125.43,127.32
975.0,127.37,126.42,128.31
980.0,126.20,125.22,127.19
985.0,126.48,125.48,127.49
990.0,126.76,125.85,127.68
995.0,126.80,125.85,127.76
1000.0,126.91,125.94,127.88
