trial,mean,ci_down,ci_up
0.0,126.10,125.28,126.93
5.0,113.97,113.09,114.84
10.0,102.08,101.02,103.14
15.0,93.90,92.96,94.85
20.0,90.08,88.99,91.18
25.0,87.14,86.18,88.11
30.0,86.14,84.98,87.29
35.0,84.69,83.59,85.78
40.0,84.19,83.19,85.19
45.0,82.83,81.80,83.87
50.0,82.50,81.46,83.54
55.0,81.68,80.62,82.74
60.0,80.25,79.31,81.20
65.0,80.33,79.37,81.29
70.0,79.45,78.58,80.32
75.0,78.93,78.06,79.79
80.0,78.18,77.29,79.08
85.0,77.43,76.61,78.26
90.0,77.36,76.48,78.25
95.0,76.09,75.29,76.90
100.0,75.83,75.04,76.62
105.0,75.51,74.67,76.34
110.0,75.06,74.26,75.86
115.0,73.98,73.24,74.73
120.0,74.25,73.51,74.98
125.0,73.47,72.74,74.20
130.0,73.14,72.38,73.90
135.0,72.78,72.11,73.46
140.0,72.12,71.35,72.89
145.0,71.85,71.11,72.58
150.0,71.79,71.10,72.49
155.0,71.09,70.41,71.77
160.0,71.11,70.42,71.81
165.0,70.78,70.10,71.46
170.0,70.50,69.82,71.17
175.0,69.60,68.96,70.23
180.0,69.70,69.08,70.32
185.0,69.63,68.98,70.28
190.0,69.14,68.55,69.73
195.0,68.87,68.24,69.51
200.0,68.70,68.07,69.33
205.0,68.45,67.84,69.06
210.0,68.16,67.56,68.77
215.0,67.92,67.28,68.55
220.0,67.92,67.32,68.51
225.0,67.10,66.51,67.69
230.0,67.75,67.08,68.42
235.0,67.53,66.92,68.15
240.0,67.14,66.53,67.76
245.0,66.65,66.05,67.24
250.0,66.64,66.01,67.26
255.0,66.45,65.90,67.00
260.0,65.84,65.24,66.44
265.0,66.28,65.72,66.83
270.0,65.58,65.06,66.11
275.0,65.20,64.69,65.70
280.0,64.62,64.04,65.19
285.0,65.17,64.62,65.71
290.0,64.97,64.45,65.48
295.0,64.47,63.96,64.98
300.0,64.24,63.72,64.75
305.0,63.96,63.45,64.46
310.0,64.59,64.10,65.09
315.0,64.47,63.92,65.03
320.0,64.48,63.93,65.03
325.0,63.94,63.40,64.48
330.0,64.10,63.57,64.62
335.0,63.75,63.25,64.25
340.0,63.41,62.90,63.91
345.0,63.22,62.68,63.76
350.0,63.39,62.85,63.93
355.0,62.85,62.35,63.36
360.0,62.77,62.29,63.26
365.0,62.16,61.63,62.69
370.0,62.79,62.29,63.29
375.0,62.43,61.93,62.93
380.0,62.71,62.24,63.19
385.0,61.88,61.40,62.36
390.0,62.09,61.60,62.58
395.0,62.11,61.59,62.62
400.0,62.03,61.53,62.54
405.0,62.20,61.73,62.66
410.0,61.72,61.23,62.21
415.0,62.00,61.52,62.47
420.0,61.66,61.14,62.17
425.0,61.44,60.92,61.97
430.0,61.48,61.02,61.95
435.0,61.31,60.84,61.78
440.0,61.29,60.80,61.78
445.0,61.11,60.61,61.61
450.0,61.04,60.58,61.49
455.0,60.76,60.28,61.24
460.0,60.55,60.04,61.07
465.0,60.95,60.44,61.46
470.0,60.62,60.18,61.05
475.0,59.95,59.49,60.40
480.0,60.64,60.21,61.08
485.0,60.59,60.14,61.04
490.0,60.13,59.67,60.58
495.0,60.03,59.53,60.52
500.0,60.52,60.05,60.99
505.0,59.92,59.46,60.39
510.0,60.64,60.20,61.08
515.0,60.47,60.04,60.90
520.0,59.93,59.47,60.38
525.0,60.09,59.64,60.54
530.0,59.85,59.42,60.28
535.0,59.69,59.24,60.15
540.0,60.06,59.60,60.51
545.0,59.24,58.79,59.70
550.0,59.55,59.13,59.96
555.0,59.51,59.07,59.96
560.0,59.54,59.11,59.98
565.0,59.51,59.04,59.97
570.0,59.52,59.05,59.98
575.0,59.64,59.20,60.08
580.0,59.67,59.19,60.15
585.0,59.01,58.52,59.49
590.0,58.88,58.43,59.33
595.0,59.69,59.20,60.17
600.0,59.19,58.71,59.66
605.0,58.94,58.46,59.41
610.0,59.06,58.61,59.51
615.0,58.75,58.29,59.20
620.0,58.87,58.44,59.30
625.0,58.88,58.43,59.33
630.0,58.77,58.30,59.24
635.0,58.78,58.35,59.21
640.0,58.47,58.01,58.93
645.0,58.21,57.81,58.60
650.0,58.57,58.10,59.04
655.0,58.33,57.94,58.72
660.0,58.17,57.72,58.61
665.0,58.39,58.00,58.78
670.0,58.68,58.23,59.13
675.0,58.38,57.97,58.80
680.0,58.39,57.95,58.82
685.0,58.28,57.84,58.71
690.0,58.35,57.91,58.78
695.0,58.12,57.66,58.57
700.0,58.11,57.68,58.54
705.0,58.40,58.01,58.80
710.0,57.77,57.33,58.21
715.0,58.03,57.59,58.48
720.0,57.61,57.18,58.05
725.0,57.65,57.24,58.07
730.0,57.69,57.23,58.15
735.0,57.65,57.25,58.05
740.0,56.87,56.42,57.31
745.0,57.32,56.92,57.72
750.0,57.62,57.20,58.03
755.0,57.56,57.11,58.01
760.0,57.09,56.67,57.50
765.0,57.37,56.95,57.79
770.0,57.12,56.71,57.54
775.0,57.36,56.97,57.76
780.0,57.47,57.04,57.91
785.0,57.17,56.74,57.61
790.0,57.14,56.69,57.60
795.0,57.16,56.75,57.58
800.0,57.03,56.62,57.43
805.0,57.10,56.71,57.49
810.0,57.36,56.93,57.79
815.0,57.35,56.92,57.79
820.0,57.07,56.66,57.48
825.0,56.69,56.27,57.11
830.0,56.99,56.59,57.39
835.0,56.74,56.36,57.13
840.0,56.91,56.50,57.32
845.0,57.22,56.81,57.63
850.0,56.67,56.27,57.07
855.0,56.94,56.50,57.38
860.0,56.62,56.21,57.03
865.0,56.28,55.90,56.65
870.0,56.68,56.24,57.12
875.0,57.02,56.61,57.43
880.0,56.46,56.05,56.86
885.0,56.61,56.21,57.01
890.0,56.51,56.10,56.92
895.0,56.25,55.83,56.67
900.0,56.53,56.15,56.92
905.0,56.61,56.19,57.03
910.0,57.03,56.62,57.44
915.0,56.17,55.76,56.58
920.0,56.95,56.55,57.35
925.0,56.76,56.33,57.18
930.0,56.15,55.77,56.52
935.0,56.11,55.69,56.54
940.0,56.41,56.05,56.77
945.0,56.30,55.90,56.70
950.0,55.86,55.46,56.25
955.0,56.13,55.73,56.54
960.0,55.89,55.50,56.29
965.0,55.93,55.56,56.30
970.0,56.21,55.83,56.59
975.0,56.07,55.68,56.47
980.0,55.78,55.39,56.16
985.0,55.89,55.52,56.25
990.0,55.86,55.45,56.27
995.0,55.86,55.46,56.25
1000.0,55.61,55.25,55.98
