trial,mean,ci_down,ci_up
0.0,126.10,125.28,126.93
5.0,112.94,111.99,113.89
10.0,102.82,101.90,103.74
15.0,95.42,94.47,96.36
20.0,92.40,91.38,93.41
25.0,90.06,88.97,91.14
30.0,87.78,86.76,88.80
35.0,85.46,84.45,86.46
40.0,84.35,83.39,85.31
45.0,82.96,81.96,83.96
50.0,81.86,80.92,82.80
55.0,79.40,78.57,80.23
60.0,79.07,78.23,79.91
65.0,78.11,77.28,78.94
70.0,76.28,75.48,77.08
75.0,75.63,74.82,76.44
80.0,75.42,74.64,76.21
85.0,74.19,73.44,74.94
90.0,74.03,73.24,74.82
95.0,72.91,72.19,73.63
100.0,72.36,71.59,73.13
105.0,72.07,71.32,72.82
110.0,71.67,70.94,72.41
115.0,71.14,70.42,71.86
120.0,71.41,70.75,72.07
125.0,70.02,69.33,70.70
130.0,70.30,69.62,70.98
135.0,69.38,68.73,70.04
140.0,69.54,68.89,70.19
145.0,69.40,68.75,70.05
150.0,68.65,68.02,69.28
155.0,68.53,67.93,69.13
160.0,68.39,67.74,69.05
165.0,68.21,67.57,68.85
170.0,67.77,67.14,68.40
175.0,67.67,67.06,68.27
180.0,67.28,66.61,67.94
185.0,67.30,66.67,67.92
190.0,67.58,66.95,68.21
195.0,66.13,65.52,66.74
200.0,66.52,65.91,67.13
205.0,66.71,66.13,67.29
210.0,66.71,66.12,67.30
215.0,65.86,65.26,66.47
220.0,65.57,64.99,66.15
225.0,65.34,64.76,65.92
230.0,65.67,65.09,66.24
235.0,65.41,64.84,65.98
240.0,65.15,64.57,65.73
245.0,65.04,64.44,65.65
250.0,64.51,63.99,65.04
255.0,64.87,64.30,65.45
260.0,64.12,63.58,64.66
265.0,63.91,63.38,64.43
270.0,64.12,63.54,64.70
275.0,63.94,63.38,64.50
280.0,64.10,63.57,64.63
285.0,63.79,63.30,64.28
290.0,63.42,62.91,63.94
295.0,63.62,63.08,64.15
300.0,63.35,62.82,63.89
305.0,63.12,62.59,63.64
310.0,63.05,62.58,63.51
315.0,63.10,62.56,63.64
320.0,62.91,62.39,63.42
325.0,62.65,62.15,63.15
330.0,62.83,62.34,63.33
335.0,62.58,62.10,63.06
340.0,62.81,62.31,63.31
345.0,61.87,61.38,62.35
350.0,62.12,61.64,62.59
355.0,62.60,62.10,63.10
360.0,62.40,61.91,62.90
365.0,61.99,61.50,62.47
370.0,62.09,61.61,62.57
375.0,62.12,61.64,62.60
380.0,61.94,61.46,62.42
385.0,61.46,60.95,61.96
390.0,61.49,61.02,61.97
395.0,61.51,61.02,62.00
400.0,61.58,61.11,62.04
405.0,61.22,60.74,61.69
410.0,61.10,60.64,61.57
415.0,60.59,60.11,61.07
420.0,61.00,60.54,61.45
425.0,60.88,60.40,61.36
430.0,60.91,60.42,61.40
435.0,60.67,60.23,61.11
440.0,60.64,60.21,61.07
445.0,60.92,60.48,61.36
450.0,60.39,59.95,60.83
455.0,60.38,59.92,60.84
460.0,60.53,60.05,61.02
465.0,60.26,59.81,60.71
470.0,60.08,59.62,60.54
475.0,60.27,59.80,60.74
480.0,59.98,59.50,60.46
485.0,60.46,60.01,60.91
490.0,59.63,59.18,60.09
495.0,60.31,59.84,60.78
500.0,59.78,59.30,60.27
505.0,59.87,59.40,60.34
510.0,59.92,59.48,60.36
515.0,59.59,59.16,60.02
520.0,59.70,59.23,60.17
525.0,59.62,59.18,60.07
530.0,59.51,59.05,59.96
535.0,59.36,58.92,59.81
540.0,59.44,58.98,59.90
545.0,59.27,58.82,59.72
550.0,59.70,59.24,60.16
555.0,58.82,58.40,59.23
560.0,59.09,58.63,59.54
565.0,58.78,58.36,59.20
570.0,58.97,58.52,59.43
575.0,59.45,59.02,59.88
580.0,58.59,58.17,59.00
585.0,58.24,57.84,58.63
590.0,58.62,58.20,59.05
595.0,58.66,58.22,59.10
600.0,58.42,57.98,58.86
605.0,58.18,57.74,58.62
610.0,58.40,57.95,58.85
615.0,58.91,58.50,59.32
620.0,58.58,58.15,59.01
625.0,58.09,57.65,58.52
630.0,57.98,57.53,58.43
635.0,58.26,57.84,58.69
640.0,58.02,57.58,58.45
645.0,58.13,57.70,58.56
650.0,57.84,57.38,58.30
655.0,57.70,57.28,58.12
660.0,58.36,57.91,58.82
665.0,57.70,57.30,58.10
670.0,57.60,57.14,58.06
675.0,58.01,57.63,58.39
680.0,57.94,57.53,58.36
685.0,57.41,57.01,57.81
690.0,57.82,57.42,58.21
695.0,58.14,57.73,58.55
700.0,57.71,57.28,58.15
705.0,57.60,57.18,58.03
710.0,57.58,57.19,57.97
715.0,57.60,57.16,58.03
720.0,57.77,57.31,58.22
725.0,57.40,56.99,57.81
730.0,58.14,57.72,58.56
735.0,57.83,57.41,58.25
740.0,57.38,56.93,57.83
745.0,57.58,57.14,58.02
750.0,57.27,56.83,57.71
755.0,57.29,56.89,57.70
760.0,57.17,56.79,57.55
765.0,57.09,56.67,57.52
770.0,56.90,56.50,57.30
775.0,57.40,56.98,57.83
780.0,57.56,57.16,57.95
785.0,56.70,56.29,57.11
790.0,57.31,56.88,57.74
795.0,57.19,56.77,57.61
800.0,56.89,56.48,57.29
805.0,57.50,57.09,57.90
810.0,56.63,56.22,57.05
815.0,57.12,56.72,57.53
820.0,57.32,56.87,57.78
825.0,57.12,56.69,57.55
830.0,56.35,55.98,56.72
835.0,56.73,56.30,57.15
840.0,57.05,56.64,57.45
845.0,56.54,56.12,56.96
850.0,56.83,56.42,57.24
855.0,56.61,56.23,57.00
860.0,56.44,56.02,56.85
865.0,56.29,55.87,56.70
870.0,56.76,56.34,57.18
875.0,56.33,55.93,56.72
880.0,56.58,56.18,56.97
885.0,56.72,56.27,57.16
890.0,56.27,55.86,56.68
895.0,56.23,55.85,56.62
900.0,55.84,55.44,56.24
905.0,55.74,55.31,56.18
910.0,56.26,55.82,56.70
915.0,56.18,55.76,56.60
920.0,56.03,55.65,56.41
925.0,56.17,55.77,56.57
930.0,56.27,55.87,56.67
935.0,55.89,55.51,56.28
940.0,55.99,55.60,56.39
945.0,55.77,55.38,56.17
950.0,56.38,55.95,56.81
955.0,55.82,55.41,56.23
960.0,56.02,55.63,56.40
965.0,55.93,55.48,56.39
970.0,55.95,55.56,56.33
975.0,55.92,55.55,56.28
980.0,55.90,55.49,56.31
985.0,55.58,55.17,55.98
990.0,55.51,55.13,55.89
995.0,55.49,55.07,55.91
1000.0,55.65,55.28,56.02
