trial,mean,ci_down,ci_up
0.0,0.00,0.00,0.00
5.0,11.50,11.12,11.89
10.0,26.06,25.31,26.81
15.0,43.33,42.26,44.41
20.0,61.71,60.45,62.97
25.0,80.82,79.32,82.32
30.0,100.04,98.36,101.72
35.0,118.87,116.98,120.76
40.0,138.09,136.04,140.14
45.0,156.19,153.97,158.42
50.0,174.28,171.94,176.61
55.0,192.62,190.12,195.11
60.0,209.79,207.25,212.33
65.0,226.71,224.11,229.31
70.0,243.82,241.17,246.47
75.0,260.18,257.46,262.90
80.0,276.35,273.60,279.10
85.0,292.12,289.38,294.87
90.0,306.07,303.48,308.67
95.0,319.07,316.72,321.43
100.0,329.15,327.15,331.14
105.0,337.03,335.46,338.61
110.0,342.43,341.26,343.61
115.0,346.01,345.21,346.80
120.0,348.18,347.70,348.67
125.0,349.21,348.94,349.48
130.0,349.76,349.65,349.86
135.0,349.95,349.92,349.99
140.0,350.00,350.00,350.00
145.0,350.00,350.00,350.00
150.0,350.00,350.00,350.00
155.0,350.00,350.00,350.00
160.0,350.00,350.00,350.00
165.0,350.00,350.00,350.00
170.0,350.00,350.00,350.00
175.0,350.00,350.00,350.00
180.0,350.00,350.00,350.00
185.0,350.00,350.00,350.00
190.0,350.00,350.00,350.00
195.0,350.00,350.00,350.00
200.0,350.00,350.00,350.00
205.0,350.00,350.00,350.00
210.0,350.00,350.00,350.00
215.0,350.00,350.00,350.00
220.0,350.00,350.00,350.00
225.0,350.00,350.00,350.00
230.0,350.00,350.00,350.00
235.0,350.00,350.00,350.00
240.0,350.00,350.00,350.00
245.0,350.00,350.00,350.00
250.0,350.00,350.00,350.00
255.0,350.00,350.00,350.00
260.0,350.00,350.00,350.00
265.0,350.00,350.00,350.00
270.0,350.00,350.00,350.00
275.0,350.00,350.00,350.00
280.0,350.00,350.00,350.00
285.0,350.00,350.00,350.00
290.0,350.00,350.00,350.00
295.0,350.00,350.00,350.00
300.0,350.00,350.00,350.00
305.0,350.00,350.00,350.00
310.0,350.00,350.00,350.00
315.0,350.00,350.00,350.00
320.0,350.00,350.00,350.00
325.0,350.00,350.00,350.00
330.0,350.00,350.00,350.00
335.0,350.00,350.00,350.00
340.0,350.00,350.00,350.00
345.0,350.00,350.00,350.00
350.0,350.00,350.00,350.00
355.0,350.00,350.00,350.00
360.0,350.00,350.00,350.00
365.0,350.00,350.00,350.00
370.0,350.00,350.00,350.00
375.0,350.00,350.00,350.00
380.0,350.00,350.00,350.00
385.0,350.00,350.00,350.00
390.0,350.00,350.00,350.00
395.0,350.00,350.00,350.00
400.0,350.00,350.00,350.00
405.0,350.00,350.00,350.00
410.0,350.00,350.00,350.00
415.0,350.00,350.00,350.00
420.0,350.00,350.00,350.00
425.0,350.00,350.00,350.00
430.0,350.00,350.00,350.00
435.0,350.00,350.00,350.00
440.0,350.00,350.00,350.00
445.0,350.00,350.00,350.00
450.0,350.00,350.00,350.00
455.0,350.00,350.00,350.00
460.0,350.00,350.00,350.00
465.0,350.00,350.00,350.00
470.0,350.00,350.00,350.00
475.0,350.00,350.00,350.00
480.0,350.00,350.00,350.00
485.0,350.00,350.00,350.00
490.0,350.00,350.00,350.00
495.0,350.00,350.00,350.00
500.0,350.00,350.00,350.00
505.0,350.00,350.00,350.00
510.0,350.00,350.00,350.00
515.0,350.00,350.00,350.00
520.0,350.00,350.00,350.00
525.0,350.00,350.00,350.00
530.0,350.00,350.00,350.00
535.0,350.00,350.00,350.00
540.0,350.00,350.00,350.00
545.0,350.00,350.00,350.00
550.0,350.00,350.00,350.00
555.0,350.00,350.00,350.00
560.0,350.00,350.00,350.00
565.0,350.00,350.00,350.00
570.0,350.00,350.00,350.00
575.0,350.00,350.00,350.00
580.0,350.00,350.00,350.00
585.0,350.00,350.00,350.00
590.0,350.00,350.00,350.00
595.0,350.00,350.00,350.00
600.0,350.00,350.00,350.00
605.0,350.00,350.00,350.00
610.0,350.00,350.00,350.00
615.0,350.00,350.00,350.00
620.0,350.00,350.00,350.00
625.0,350.00,350.00,350.00
630.0,350.00,350.00,350.00
635.0,350.00,350.00,350.00
640.0,350.00,350.00,350.00
645.0,350.00,350.00,350.00
650.0,350.00,350.00,350.00
655.0,350.00,350.00,350.00
660.0,350.00,350.00,350.00
665.0,350.00,350.00,350.00
670.0,350.00,350.00,350.00
675.0,350.00,350.00,350.00
680.0,350.00,350.00,350.00
685.0,350.00,350.00,350.00
690.0,350.00,350.00,350.00
695.0,350.00,350.00,350.00
700.0,350.00,350.00,350.00
705.0,350.00,350.00,350.00
710.0,350.00,350.00,350.00
715.0,350.00,350.00,350.00
720.0,350.00,350.00,350.00
725.0,350.00,350.00,350.00
730.0,350.00,350.00,350.00
735.0,350.00,350.00,350.00
740.0,350.00,350.00,350.00
745.0,350.00,350.00,350.00
750.0,350.00,350.00,350.00
755.0,350.00,350.00,350.00
760.0,350.00,350.00,350.00
765.0,350.00,350.00,350.00
770.0,350.00,350.00,350.00
775.0,350.00,350.00,350.00
780.0,350.00,350.00,350.00
785.0,350.00,350.00,350.00
790.0,350.00,350.00,350.00
795.0,350.00,350.00,350.00
800.0,350.00,350.00,350.00
805.0,350.00,350.00,350.00
810.0,350.00,350.00,350.00
815.0,350.00,350.00,350.00
820.0,350.00,350.00,350.00
825.0,350.00,350.00,350.00
830.0,350.00,350.00,350.00
835.0,350.00,350.00,350.00
840.0,350.00,350.00,350.00
845.0,350.00,350.00,350.00
850.0,350.00,350.00,350.00
855.0,350.00,350.00,350.00
860.0,350.00,350.00,350.00
865.0,350.00,350.00,350.00
870.0,350.00,350.00,350.00
875.0,350.00,350.00,350.00
880.0,350.00,350.00,350.00
885.0,350.00,350.00,350.00
890.0,350.00,350.00,350.00
895.0,350.00,350.00,350.00
900.0,350.00,350.00,350.00
905.0,350.00,350.00,350.00
910.0,350.00,350.00,350.00
915.0,350.00,350.00,350.00
920.0,350.00,350.00,350.00
925.0,350.00,350.00,350.00
930.0,350.00,350.00,350.00
935.0,350.00,350.00,350.00
940.0,350.00,350.00,350.00
945.0,350.00,350.00,350.00
950.0,350.00,350.00,350.00
955.0,350.00,350.00,350.00
960.0,350.00,350.00,350.00
965.0,350.00,350.00,350.00
970.0,350.00,350.00,350.00
975.0,350.00,350.00,350.00
980.0,350.00,350.00,350.00
985.0,350.00,350.00,350.00
990.0,350.00,350.00,350.00
995.0,350.00,350.00,350.00
1000.0,350.00,350.00,350.00
