trial,mean,ci_down,ci_up
0.0,126.10,125.28,126.93
5.0,114.15,113.20,115.10
10.0,105.47,104.47,106.46
15.0,99.21,98.13,100.28
20.0,96.69,95.50,97.87
25.0,95.34,94.14,96.54
30.0,94.41,93.24,95.58
35.0,92.57,91.50,93.63
40.0,91.41,90.29,92.54
45.0,90.73,89.67,91.78
50.0,89.32,88.28,90.36
55.0,88.43,87.47,89.38
60.0,87.55,86.58,88.51
65.0,86.51,85.50,87.52
70.0,85.40,84.46,86.33
75.0,85.02,84.07,85.97
80.0,83.01,82.11,83.90
85.0,83.30,82.39,84.20
90.0,82.79,81.96,83.63
95.0,81.45,80.58,82.32
100.0,81.43,80.61,82.25
105.0,80.09,79.24,80.94
110.0,79.28,78.45,80.11
115.0,79.23,78.42,80.04
120.0,78.74,77.97,79.51
125.0,77.73,76.96,78.49
130.0,77.12,76.37,77.88
135.0,76.99,76.29,77.69
140.0,76.49,75.71,77.27
145.0,76.57,75.85,77.29
150.0,75.60,74.92,76.29
155.0,75.04,74.32,75.77
160.0,75.28,74.61,75.94
165.0,74.83,74.18,75.49
170.0,73.72,73.04,74.41
175.0,72.75,72.14,73.37
180.0,73.06,72.41,73.72
185.0,72.36,71.69,73.03
190.0,71.61,70.96,72.25
195.0,71.73,71.05,72.41
200.0,71.00,70.38,71.63
205.0,71.52,70.90,72.15
210.0,70.83,70.23,71.43
215.0,70.52,69.91,71.12
220.0,70.71,70.13,71.29
225.0,69.89,69.32,70.47
230.0,70.14,69.55,70.73
235.0,69.09,68.49,69.69
240.0,69.46,68.86,70.06
245.0,69.01,68.42,69.59
250.0,68.75,68.16,69.33
255.0,68.38,67.83,68.94
260.0,68.12,67.52,68.71
265.0,67.84,67.29,68.39
270.0,67.61,67.00,68.22
275.0,67.41,66.84,67.98
280.0,67.01,66.48,67.54
285.0,66.96,66.36,67.56
290.0,66.93,66.39,67.47
295.0,66.59,66.07,67.11
300.0,66.27,65.73,66.81
305.0,66.27,65.76,66.77
310.0,65.71,65.16,66.25
315.0,65.65,65.11,66.19
320.0,65.38,64.86,65.89
325.0,65.57,65.03,66.10
330.0,65.04,64.53,65.54
335.0,64.53,63.98,65.08
340.0,64.68,64.20,65.17
345.0,64.60,64.08,65.12
350.0,64.25,63.73,64.78
355.0,64.53,64.04,65.02
360.0,64.43,63.90,64.97
365.0,64.13,63.60,64.67
370.0,64.44,63.91,64.96
375.0,63.62,63.10,64.14
380.0,63.88,63.35,64.41
385.0,63.88,63.36,64.39
390.0,63.88,63.38,64.38
395.0,63.54,63.06,64.01
400.0,63.44,62.95,63.93
405.0,62.99,62.49,63.49
410.0,63.07,62.55,63.60
415.0,63.52,63.00,64.04
420.0,62.62,62.09,63.14
425.0,62.61,62.14,63.09
430.0,62.47,61.98,62.96
435.0,62.64,62.17,63.10
440.0,62.45,61.95,62.94
445.0,62.38,61.92,62.84
450.0,62.19,61.67,62.71
455.0,61.96,61.47,62.45
460.0,61.82,61.32,62.31
465.0,61.54,61.05,62.03
470.0,61.87,61.39,62.36
475.0,61.61,61.14,62.08
480.0,61.65,61.14,62.16
485.0,60.99,60.55,61.43
490.0,61.07,60.60,61.54
495.0,60.93,60.43,61.42
500.0,60.89,60.40,61.38
505.0,60.97,60.50,61.45
510.0,61.29,60.81,61.78
515.0,60.62,60.15,61.09
520.0,60.94,60.43,61.45
525.0,60.70,60.24,61.16
530.0,60.67,60.20,61.14
535.0,60.39,59.90,60.87
540.0,60.51,60.02,61.00
545.0,60.29,59.84,60.74
550.0,60.39,59.93,60.86
555.0,60.04,59.57,60.50
560.0,60.18,59.73,60.63
565.0,59.98,59.55,60.41
570.0,59.90,59.48,60.31
575.0,60.30,59.83,60.78
580.0,59.79,59.37,60.22
585.0,59.94,59.49,60.38
590.0,59.58,59.11,60.05
595.0,59.65,59.21,60.09
600.0,59.43,59.03,59.82
605.0,59.55,59.12,59.97
610.0,59.51,59.07,59.95
615.0,59.45,59.01,59.89
620.0,59.59,59.13,60.05
625.0,59.33,58.87,59.79
630.0,58.84,58.41,59.27
635.0,59.24,58.79,59.69
640.0,58.77,58.33,59.22
645.0,58.67,58.24,59.10
650.0,59.09,58.68,59.50
655.0,58.88,58.47,59.30
660.0,59.23,58.80,59.66
665.0,58.89,58.43,59.34
670.0,58.71,58.29,59.14
675.0,58.60,58.16,59.04
680.0,58.74,58.28,59.20
685.0,58.73,58.28,59.18
690.0,58.81,58.36,59.26
695.0,58.50,58.04,58.95
700.0,58.43,57.97,58.88
705.0,58.72,58.26,59.17
710.0,58.59,58.13,59.06
715.0,58.16,57.74,58.58
720.0,58.19,57.77,58.61
725.0,58.17,57.73,58.61
730.0,57.97,57.58,58.36
735.0,57.88,57.46,58.31
740.0,57.77,57.36,58.18
745.0,57.92,57.49,58.35
750.0,57.76,57.34,58.18
755.0,57.58,57.19,57.98
760.0,57.92,57.49,58.36
765.0,58.18,57.76,58.60
770.0,57.51,57.11,57.91
775.0,57.83,57.39,58.27
780.0,58.06,57.62,58.51
785.0,57.96,57.53,58.39
790.0,57.90,57.48,58.32
795.0,57.30,56.87,57.72
800.0,57.56,57.14,57.97
805.0,56.87,56.47,57.28
810.0,57.35,56.94,57.76
815.0,57.52,57.10,57.95
820.0,57.60,57.21,57.99
825.0,57.22,56.80,57.64
830.0,57.47,57.03,57.90
835.0,56.69,56.26,57.13
840.0,57.04,56.62,57.45
845.0,57.14,56.71,57.58
850.0,56.95,56.57,57.33
855.0,57.03,56.63,57.43
860.0,57.27,56.87,57.67
865.0,57.12,56.69,57.55
870.0,56.84,56.44,57.23
875.0,56.95,56.50,57.39
880.0,56.90,56.51,57.29
885.0,56.72,56.32,57.12
890.0,56.85,56.43,57.27
895.0,56.79,56.39,57.18
900.0,56.67,56.25,57.10
905.0,56.54,56.14,56.93
910.0,56.69,56.27,57.12
915.0,56.14,55.71,56.57
920.0,56.68,56.26,57.10
925.0,56.53,56.13,56.93
930.0,56.14,55.73,56.55
935.0,56.56,56.13,56.98
940.0,56.08,55.72,56.44
945.0,56.22,55.81,56.63
950.0,56.22,55.83,56.62
955.0,56.20,55.76,56.63
960.0,55.94,55.52,56.35
965.0,55.96,55.58,56.34
970.0,56.26,55.85,56.68
975.0,56.06,55.64,56.48
980.0,56.07,55.64,56.50
985.0,56.23,55.81,56.64
990.0,56.41,55.97,56.84
995.0,55.68,55.27,56.08
1000.0,56.06,55.65,56.48
