trial,mean,ci_down,ci_up
0.0,126.10,125.28,126.93
5.0,107.00,105.81,108.19
10.0,99.48,98.49,100.47
15.0,97.15,96.04,98.27
20.0,95.90,94.74,97.05
25.0,94.22,93.01,95.42
30.0,92.09,90.95,93.24
35.0,92.92,91.79,94.05
40.0,90.97,89.89,92.05
45.0,90.45,89.40,91.49
50.0,89.17,88.17,90.17
55.0,87.42,86.40,88.43
60.0,86.52,85.55,87.50
65.0,86.69,85.70,87.69
70.0,85.23,84.34,86.11
75.0,83.72,82.87,84.57
80.0,83.70,82.87,84.52
85.0,82.10,81.23,82.97
90.0,80.74,79.93,81.56
95.0,80.56,79.78,81.35
100.0,80.49,79.67,81.31
105.0,79.38,78.56,80.21
110.0,78.85,78.08,79.62
115.0,78.42,77.58,79.26
120.0,77.59,76.83,78.36
125.0,77.02,76.26,77.78
130.0,76.64,75.96,77.32
135.0,76.24,75.51,76.96
140.0,75.49,74.79,76.19
145.0,75.72,75.00,76.45
150.0,74.77,74.08,75.47
155.0,73.60,72.93,74.26
160.0,74.05,73.37,74.73
165.0,73.21,72.57,73.86
170.0,72.72,72.01,73.43
175.0,72.55,71.86,73.25
180.0,72.52,71.91,73.13
185.0,71.63,70.94,72.32
190.0,71.48,70.82,72.13
195.0,71.29,70.67,71.91
200.0,70.32,69.64,71.01
205.0,70.20,69.57,70.84
210.0,70.23,69.63,70.84
215.0,69.74,69.13,70.35
220.0,69.11,68.52,69.71
225.0,69.24,68.61,69.86
230.0,69.28,68.67,69.90
235.0,68.16,67.59,68.74
240.0,68.71,68.08,69.33
245.0,68.39,67.83,68.95
250.0,68.05,67.48,68.62
255.0,68.01,67.44,68.57
260.0,66.64,66.07,67.21
265.0,66.86,66.24,67.48
270.0,67.60,67.03,68.16
275.0,67.15,66.54,67.75
280.0,66.85,66.27,67.42
285.0,66.47,65.90,67.03
290.0,66.71,66.14,67.28
295.0,66.34,65.78,66.89
300.0,66.12,65.56,66.67
305.0,65.95,65.42,66.47
310.0,65.89,65.28,66.50
315.0,65.41,64.88,65.95
320.0,64.74,64.17,65.31
325.0,65.02,64.46,65.58
330.0,64.65,64.12,65.19
335.0,64.83,64.26,65.40
340.0,64.18,63.64,64.73
345.0,64.56,64.01,65.11
350.0,64.06,63.56,64.55
355.0,64.63,64.09,65.18
360.0,64.18,63.66,64.71
365.0,64.05,63.53,64.56
370.0,63.87,63.32,64.41
375.0,63.36,62.84,63.88
380.0,63.66,63.12,64.20
385.0,62.84,62.36,63.32
390.0,63.09,62.55,63.63
395.0,62.75,62.26,63.25
400.0,63.02,62.49,63.55
405.0,63.06,62.60,63.52
410.0,62.64,62.19,63.09
415.0,62.74,62.24,63.25
420.0,62.50,62.01,62.98
425.0,62.34,61.86,62.81
430.0,61.92,61.43,62.41
435.0,62.05,61.53,62.57
440.0,62.27,61.81,62.74
445.0,61.52,61.02,62.02
450.0,61.58,61.09,62.07
455.0,61.71,61.20,62.21
460.0,61.88,61.32,62.44
465.0,62.06,61.58,62.53
470.0,61.73,61.26,62.20
475.0,61.85,61.38,62.31
480.0,61.61,61.15,62.07
485.0,61.37,60.91,61.82
490.0,61.06,60.57,61.56
495.0,60.80,60.31,61.29
500.0,60.75,60.32,61.17
505.0,61.09,60.65,61.53
510.0,61.03,60.54,61.51
515.0,60.41,59.95,60.86
520.0,60.55,60.07,61.02
525.0,60.18,59.72,60.63
530.0,60.70,60.22,61.18
535.0,60.77,60.30,61.25
540.0,60.23,59.73,60.73
545.0,60.72,60.26,61.17
550.0,60.77,60.29,61.25
555.0,59.98,59.51,60.46
560.0,60.23,59.73,60.74
565.0,59.92,59.48,60.36
570.0,59.76,59.31,60.21
575.0,60.03,59.58,60.48
580.0,59.65,59.23,60.07
585.0,59.71,59.27,60.15
590.0,59.45,59.01,59.89
595.0,59.92,59.50,60.33
600.0,59.75,59.33,60.17
605.0,59.31,58.88,59.73
610.0,59.12,58.66,59.58
615.0,59.14,58.69,59.59
620.0,59.33,58.89,59.78
625.0,59.41,58.97,59.84
630.0,59.14,58.70,59.59
635.0,58.83,58.39,59.27
640.0,58.80,58.36,59.23
645.0,59.09,58.64,59.54
650.0,58.66,58.19,59.13
655.0,59.11,58.69,59.54
660.0,59.12,58.68,59.57
665.0,58.49,58.06,58.92
670.0,58.82,58.41,59.24
675.0,58.43,58.00,58.87
680.0,57.99,57.56,58.41
685.0,58.69,58.28,59.09
690.0,58.42,57.97,58.88
695.0,58.34,57.94,58.75
700.0,58.64,58.17,59.12
705.0,58.34,57.88,58.81
710.0,58.25,57.84,58.66
715.0,58.54,58.10,58.99
720.0,58.63,58.23,59.04
725.0,57.92,57.51,58.32
730.0,58.24,57.81,58.67
735.0,58.10,57.68,58.51
740.0,57.94,57.51,58.37
745.0,58.01,57.60,58.43
750.0,57.84,57.44,58.25
755.0,57.85,57.43,58.28
760.0,57.71,57.30,58.12
765.0,57.76,57.35,58.18
770.0,57.64,57.23,58.06
775.0,57.59,57.17,58.01
780.0,57.25,56.82,57.68
785.0,57.24,56.82,57.65
790.0,57.94,57.53,58.35
795.0,57.23,56.80,57.67
800.0,57.36,56.93,57.79
805.0,57.56,57.15,57.97
810.0,57.30,56.92,57.68
815.0,57.37,56.96,57.78
820.0,57.61,57.18,58.03
825.0,57.02,56.57,57.46
830.0,57.02,56.57,57.47
835.0,57.58,57.19,57.98
840.0,57.14,56.73,57.55
845.0,56.93,56.46,57.40
850.0,57.69,57.25,58.12
855.0,56.80,56.39,57.21
860.0,56.89,56.50,57.28
865.0,57.20,56.77,57.64
870.0,56.58,56.16,57.00
875.0,57.20,56.79,57.61
880.0,56.88,56.49,57.28
885.0,56.61,56.22,57.01
890.0,56.59,56.20,56.98
895.0,56.84,56.42,57.25
900.0,56.63,56.24,57.03
905.0,56.56,56.17,56.96
910.0,57.02,56.63,57.41
915.0,56.46,56.07,56.85
920.0,56.91,56.49,57.33
925.0,56.87,56.45,57.28
930.0,56.22,55.82,56.62
935.0,56.33,55.94,56.72
940.0,56.53,56.14,56.93
945.0,56.74,56.37,57.11
950.0,56.96,56.58,57.35
955.0,56.33,55.93,56.74
960.0,56.34,55.95,56.74
965.0,56.45,56.05,56.85
970.0,56.42,56.03,56.81
975.0,56.32,55.92,56.72
980.0,56.16,55.74,56.58
985.0,56.17,55.77,56.56
990.0,55.93,55.54,56.31
995.0,56.34,55.91,56.78
1000.0,56.22,55.79,56.64
