trial,mean,ci_down,ci_up
0.0,0.00,0.00,0.00
5.0,345.49,343.55,347.43
10.0,350.00,350.00,350.00
15.0,350.00,350.00,350.00
20.0,350.00,350.00,350.00
25.0,350.00,350.00,350.00
30.0,350.00,350.00,350.00
35.0,350.00,350.00,350.00
40.0,350.00,350.00,350.00
45.0,350.00,350.00,350.00
50.0,350.00,350.00,350.00
55.0,350.00,350.00,350.00
60.0,350.00,350.00,350.00
65.0,350.00,350.00,350.00
70.0,350.00,350.00,350.00
75.0,350.00,350.00,350.00
80.0,350.00,350.00,350.00
85.0,350.00,350.00,350.00
90.0,350.00,350.00,350.00
95.0,350.00,350.00,350.00
100.0,350.00,350.00,350.00
105.0,350.00,350.00,350.00
110.0,350.00,350.00,350.00
115.0,350.00,350.00,350.00
120.0,350.00,350.00,350.00
125.0,350.00,350.00,350.00
130.0,350.00,350.00,350.00
135.0,350.00,350.00,350.00
140.0,350.00,350.00,350.00
145.0,350.00,350.00,350.00
150.0,350.00,350.00,350.00
155.0,350.00,350.00,350.00
160.0,350.00,350.00,350.00
165.0,350.00,350.00,350.00
170.0,350.00,350.00,350.00
175.0,350.00,350.00,350.00
180.0,350.00,350.00,350.00
185.0,350.00,350.00,350.00
190.0,350.00,350.00,350.00
195.0,350.00,350.00,350.00
200.0,350.00,350.00,350.00
205.0,350.00,350.00,350.00
210.0,350.00,350.00,350.00
215.0,350.00,350.00,350.00
220.0,350.00,350.00,350.00
225.0,350.00,350.00,350.00
230.0,350.00,350.00,350.00
235.0,350.00,350.00,350.00
240.0,350.00,350.00,350.00
245.0,350.00,350.00,350.00
250.0,350.00,350.00,350.00
255.0,350.00,350.00,350.00
260.0,350.00,350.00,350.00
265.0,350.00,350.00,350.00
270.0,350.00,350.00,350.00
275.0,350.00,350.00,350.00
280.0,350.00,350.00,350.00
285.0,350.00,350.00,350.00
290.0,350.00,350.00,350.00
295.0,350.00,350.00,350.00
300.0,350.00,350.00,350.00
305.0,350.00,350.00,350.00
310.0,350.00,350.00,350.00
315.0,350.00,350.00,350.00
320.0,350.00,350.00,350.00
325.0,350.00,350.00,350.00
330.0,350.00,350.00,350.00
335.0,350.00,350.00,350.00
340.0,350.00,350.00,350.00
345.0,350.00,350.00,350.00
350.0,350.00,350.00,350.00
355.0,350.00,350.00,350.00
360.0,350.00,350.00,350.00
365.0,350.00,350.00,350.00
370.0,350.00,350.00,350.00
375.0,350.00,350.00,350.00
380.0,350.00,350.00,350.00
385.0,350.00,350.00,350.00
390.0,350.00,350.00,350.00
395.0,350.00,350.00,350.00
400.0,350.00,350.00,350.00
405.0,350.00,350.00,350.00
410.0,350.00,350.00,350.00
415.0,350.00,350.00,350.00
420.0,350.00,350.00,350.00
425.0,350.00,350.00,350.00
430.0,350.00,350.00,350.00
435.0,350.00,350.00,350.00
440.0,350.00,350.00,350.00
445.0,350.00,350.00,350.00
450.0,350.00,350.00,350.00
455.0,350.00,350.00,350.00
460.0,350.00,350.00,350.00
465.0,350.00,350.00,350.00
470.0,350.00,350.00,350.00
475.0,350.00,350.00,350.00
480.0,350.00,350.00,350.00
485.0,350.00,350.00,350.00
490.0,350.00,350.00,350.00
495.0,350.00,350.00,350.00
500.0,350.00,350.00,350.00
505.0,350.00,350.00,350.00
510.0,350.00,350.00,350.00
515.0,350.00,350.00,350.00
520.0,350.00,350.00,350.00
525.0,350.00,350.00,350.00
530.0,350.00,350.00,350.00
535.0,350.00,350.00,350.00
540.0,350.00,350.00,350.00
545.0,350.00,350.00,350.00
550.0,350.00,350.00,350.00
555.0,350.00,350.00,350.00
560.0,350.00,350.00,350.00
565.0,350.00,350.00,350.00
570.0,350.00,350.00,350.00
575.0,350.00,350.00,350.00
580.0,350.00,350.00,350.00
585.0,350.00,350.00,350.00
590.0,350.00,350.00,350.00
595.0,350.00,350.00,350.00
600.0,350.00,350.00,350.00
605.0,350.00,350.00,350.00
610.0,350.00,350.00,350.00
615.0,350.00,350.00,350.00
620.0,350.00,350.00,350.00
625.0,350.00,350.00,350.00
630.0,350.00,350.00,350.00
635.0,350.00,350.00,350.00
640.0,350.00,350.00,350.00
645.0,350.00,350.00,350.00
650.0,350.00,350.00,350.00
655.0,350.00,350.00,350.00
660.0,350.00,350.00,350.00
665.0,350.00,350.00,350.00
670.0,350.00,350.00,350.00
675.0,350.00,350.00,350.00
680.0,350.00,350.00,350.00
685.0,350.00,350.00,350.00
690.0,350.00,350.00,350.00
695.0,350.00,350.00,350.00
700.0,350.00,350.00,350.00
705.0,350.00,350.00,350.00
710.0,350.00,350.00,350.00
715.0,350.00,350.00,350.00
720.0,350.00,350.00,350.00
725.0,350.00,350.00,350.00
730.0,350.00,350.00,350.00
735.0,350.00,350.00,350.00
740.0,350.00,350.00,350.00
745.0,350.00,350.00,350.00
750.0,350.00,350.00,350.00
755.0,350.00,350.00,350.00
760.0,350.00,350.00,350.00
765.0,350.00,350.00,350.00
770.0,350.00,350.00,350.00
775.0,350.00,350.00,350.00
780.0,350.00,350.00,350.00
785.0,350.00,350.00,350.00
790.0,350.00,350.00,350.00
795.0,350.00,350.00,350.00
800.0,350.00,350.00,350.00
805.0,350.00,350.00,350.00
810.0,350.00,350.00,350.00
815.0,350.00,350.00,350.00
820.0,350.00,350.00,350.00
825.0,350.00,350.00,350.00
830.0,350.00,350.00,350.00
835.0,350.00,350.00,350.00
840.0,350.00,350.00,350.00
845.0,350.00,350.00,350.00
850.0,350.00,350.00,350.00
855.0,350.00,350.00,350.00
860.0,350.00,350.00,350.00
865.0,350.00,350.00,350.00
870.0,350.00,350.00,350.00
875.0,350.00,350.00,350.00
880.0,350.00,350.00,350.00
885.0,350.00,350.00,350.00
890.0,350.00,350.00,350.00
895.0,350.00,350.00,350.00
900.0,350.00,350.00,350.00
905.0,350.00,350.00,350.00
910.0,350.00,350.00,350.00
915.0,350.00,350.00,350.00
920.0,350.00,350.00,350.00
925.0,350.00,350.00,350.00
930.0,350.00,350.00,350.00
935.0,350.00,350.00,350.00
940.0,350.00,350.00,350.00
945.0,350.00,350.00,350.00
950.0,350.00,350.00,350.00
955.0,350.00,350.00,350.00
960.0,350.00,350.00,350.00
965.0,350.00,350.00,350.00
970.0,350.00,350.00,350.00
975.0,350.00,350.00,350.00
980.0,350.00,350.00,350.00
985.0,350.00,350.00,350.00
990.0,350.00,350.00,350.00
995.0,350.00,350.00,350.00
1000.0,350.00,350.00,350.00
